% This file contains a brief summary of the land-surface average results 
% produced by the Berkeley Averaging method.  Temperatures are in 
% Celsius and reported as anomalies relative to the Jan 1951-Dec 1980
% average. Uncertainties represent the 95% confidence interval for 
% statistical and spatial undersampling effects.
% 
% The current dataset presented here is described as: 
% 
%   Estimated Global Land-Surface TAVG based on the Complete Berkeley Dataset
% 
% 
% This analysis was run on 28-Aug-2017 03:01:56
% 
% Results are based on 43209 time series 
%   with 16043461 data points
% 
% Estimated Jan 1951-Dec 1980 absolute temperature (C): 8.66 +/- 0.05
% 
% 
% 
% Year, Annual Anomaly, Annual Unc., Five-year Anomaly, Five-year Unc.
 
  1753      -0.409        1.383              NaN             NaN
  1754      -0.254        1.217              NaN             NaN
  1755      -0.517        1.240           -0.243           0.873
  1756      -0.046        1.344           -0.589           1.015
  1757       0.013        1.151           -0.729           1.410
  1758      -2.141        2.309           -0.943           1.670
  1759      -0.956        2.716           -0.962           1.787
  1760      -1.586        2.123           -1.023           1.867
  1761      -0.138        1.858           -0.857           1.707
  1762      -0.295        1.352           -0.717           1.384
  1763      -1.312        1.546           -0.459           1.239
  1764      -0.254        1.317           -0.455           1.231
  1765      -0.295        1.505           -0.462           1.237
  1766      -0.119        1.620           -0.548           1.245
  1767      -0.331        1.840           -0.639           1.250
  1768      -1.740        1.348           -0.755           1.236
  1769      -0.709        1.512           -0.841           1.266
  1770      -0.877        1.493           -0.811           1.083
  1771      -0.550        1.510           -0.527           1.045
  1772      -0.179        1.188           -0.379           1.035
  1773      -0.321        1.229           -0.090           0.987
  1774       0.031        1.512           -0.071           0.919
  1775       0.570        1.167           -0.154           0.936
  1776      -0.456        1.119           -0.170           0.980
  1777      -0.595        1.252           -0.178           1.000
  1778      -0.398        1.441           -0.180           1.005
  1779      -0.010        1.311           -0.174           0.915
  1780       0.559        2.572           -0.213           0.856
  1781      -0.428        1.129           -0.316           0.954
  1782      -0.787        1.531           -0.441           1.010
  1783      -0.916        0.950           -0.773           0.916
  1784      -0.631        2.095           -0.780           1.402
  1785      -1.100        1.739           -0.702           1.397
  1786      -0.464        2.129           -0.575           1.447
  1787      -0.399        1.406           -0.481           1.183
  1788      -0.279        0.878           -0.360           0.965
  1789      -0.161        0.913           -0.290           0.609
  1790      -0.495        1.040           -0.324           0.485
  1791      -0.116        0.678           -0.371           0.508
  1792      -0.567        0.727           -0.346           0.547
  1793      -0.514        0.871           -0.312           0.495
  1794      -0.038        1.101           -0.345           0.617
  1795      -0.324        1.094           -0.265           0.655
  1796      -0.282        1.023           -0.128           0.689
  1797      -0.167        0.996           -0.110           0.692
  1798       0.171        1.215           -0.101           0.709
  1799       0.052        1.319           -0.019           0.633
  1800      -0.278        0.762            0.049           0.583
  1801       0.126        0.714           -0.008           0.613
  1802       0.173        0.758            0.027           0.568
  1803      -0.111        0.875            0.061           0.486
  1804       0.222        0.686            0.009           0.474
  1805      -0.106        0.573           -0.106           0.433
  1806      -0.132        0.810           -0.279           0.444
  1807      -0.402        0.606           -0.720           0.514
  1808      -0.978        1.156           -1.057           0.656
  1809      -1.984        0.981           -1.313           0.707
  1810      -1.791        1.036           -1.616           0.774
  1811      -1.411        1.111           -1.596           0.764
  1812      -1.913        0.919           -1.427           0.745
  1813      -0.882        1.106           -1.346           0.623
  1814      -1.138        0.914           -1.441           0.500
  1815      -1.385        0.574           -1.420           0.465
  1816      -1.885        0.769           -1.393           0.440
  1817      -1.811        0.647           -1.445           0.397
  1818      -0.746        1.325           -1.406           0.459
  1819      -1.398        0.689           -1.165           0.490
  1820      -1.190        0.757           -0.898           0.487
  1821      -0.678        0.785           -0.965           0.425
  1822      -0.476        0.810           -0.728           0.506
  1823      -1.082        0.796           -0.549           0.597
  1824      -0.213        0.986           -0.476           0.569
  1825      -0.298        0.852           -0.352           0.556
  1826      -0.313        0.681           -0.246           0.585
  1827       0.143        0.852           -0.383           0.568
  1828      -0.550        0.751           -0.372           0.596
  1829      -0.900        0.783           -0.553           0.641
  1830      -0.241        1.052           -0.809           0.732
  1831      -1.218        0.908           -0.836           0.781
  1832      -1.139        0.978           -0.773           0.794
  1833      -0.683        0.969           -1.003           0.703
  1834      -0.584        0.832           -0.945           0.700
  1835      -1.390        0.677           -0.953           0.676
  1836      -0.929        0.812           -1.077           0.628
  1837      -1.179        0.868           -1.162           0.589
  1838      -1.305        0.666           -1.072           0.594
  1839      -1.007        0.735           -1.079           0.547
  1840      -0.941        0.653           -0.966           0.483
  1841      -0.965        0.606           -0.805           0.464
  1842      -0.611        0.546           -0.796           0.454
  1843      -0.502        0.516           -0.774           0.445
  1844      -0.960        0.543           -0.591           0.424
  1845      -0.835        0.610           -0.604           0.413
  1846      -0.048        0.621           -0.663           0.448
  1847      -0.677        0.511           -0.620           0.501
  1848      -0.793        0.656           -0.637           0.503
  1849      -0.749        0.662           -0.741           0.538
  1850      -0.917        0.537           -0.744           0.560
  1851      -0.567        0.734           -0.732           0.532
  1852      -0.694        0.555           -0.677           0.466
  1853      -0.732        0.583           -0.601           0.412
  1854      -0.474        0.419           -0.639           0.341
  1855      -0.538        0.379           -0.690           0.315
  1856      -0.757        0.375           -0.650           0.263
  1857      -0.949        0.391           -0.647           0.240
  1858      -0.530        0.327           -0.716           0.218
  1859      -0.460        0.305           -0.734           0.217
  1860      -0.885        0.306           -0.778           0.208
  1861      -0.846        0.329           -0.773           0.203
  1862      -1.168        0.331           -0.825           0.213
  1863      -0.505        0.323           -0.754           0.242
  1864      -0.719        0.326           -0.678           0.257
  1865      -0.532        0.400           -0.520           0.244
  1866      -0.468        0.442           -0.533           0.241
  1867      -0.377        0.313           -0.456           0.271
  1868      -0.568        0.352           -0.466           0.269
  1869      -0.336        0.413           -0.494           0.267
  1870      -0.579        0.306           -0.526           0.239
  1871      -0.610        0.358           -0.496           0.208
  1872      -0.539        0.255           -0.485           0.185
  1873      -0.416        0.213           -0.528           0.181
  1874      -0.282        0.225           -0.541           0.171
  1875      -0.793        0.257           -0.466           0.191
  1876      -0.673        0.257           -0.359           0.180
  1877      -0.167        0.262           -0.407           0.176
  1878       0.122        0.251           -0.368           0.151
  1879      -0.523        0.190           -0.322           0.136
  1880      -0.598        0.158           -0.401           0.132
  1881      -0.442        0.176           -0.568           0.117
  1882      -0.563        0.214           -0.641           0.104
  1883      -0.713        0.135           -0.673           0.117
  1884      -0.889        0.160           -0.737           0.128
  1885      -0.759        0.210           -0.783           0.131
  1886      -0.762        0.188           -0.760           0.140
  1887      -0.795        0.207           -0.656           0.155
  1888      -0.597        0.140           -0.647           0.146
  1889      -0.365        0.221           -0.625           0.140
  1890      -0.715        0.168           -0.588           0.133
  1891      -0.651        0.170           -0.591           0.136
  1892      -0.610        0.151           -0.620           0.115
  1893      -0.613        0.132           -0.578           0.111
  1894      -0.510        0.124           -0.536           0.099
  1895      -0.505        0.129           -0.488           0.098
  1896      -0.443        0.122           -0.460           0.100
  1897      -0.371        0.147           -0.410           0.114
  1898      -0.472        0.169           -0.341           0.122
  1899      -0.257        0.187           -0.281           0.132
  1900      -0.163        0.161           -0.283           0.134
  1901      -0.144        0.156           -0.282           0.123
  1902      -0.380        0.149           -0.346           0.110
  1903      -0.465        0.110           -0.403           0.090
  1904      -0.579        0.119           -0.430           0.080
  1905      -0.447        0.088           -0.499           0.069
  1906      -0.278        0.112           -0.506           0.069
  1907      -0.726        0.100           -0.490           0.071
  1908      -0.498        0.117           -0.491           0.084
  1909      -0.502        0.119           -0.536           0.083
  1910      -0.452        0.131           -0.494           0.086
  1911      -0.504        0.111           -0.468           0.081
  1912      -0.512        0.115           -0.384           0.077
  1913      -0.372        0.096           -0.307           0.072
  1914      -0.078        0.097           -0.293           0.078
  1915      -0.067        0.121           -0.316           0.075
  1916      -0.434        0.115           -0.348           0.082
  1917      -0.629        0.110           -0.390           0.080
  1918      -0.529        0.118           -0.440           0.079
  1919      -0.291        0.095           -0.373           0.072
  1920      -0.318        0.116           -0.300           0.071
  1921      -0.098        0.088           -0.247           0.067
  1922      -0.263        0.107           -0.226           0.074
  1923      -0.268        0.097           -0.193           0.074
  1924      -0.184        0.119           -0.162           0.078
  1925      -0.151        0.110           -0.139           0.073
  1926       0.058        0.104           -0.093           0.071
  1927      -0.149        0.097           -0.144           0.068
  1928      -0.041        0.102           -0.126           0.067
  1929      -0.438        0.098           -0.132           0.063
  1930      -0.061        0.094           -0.097           0.062
  1931       0.028        0.084           -0.154           0.058
  1932       0.027        0.093           -0.073           0.057
  1933      -0.328        0.087           -0.092           0.054
  1934      -0.032        0.094           -0.122           0.056
  1935      -0.155        0.084           -0.123           0.055
  1936      -0.120        0.094           -0.018           0.058
  1937       0.018        0.089            0.009           0.056
  1938       0.199        0.094            0.061           0.056
  1939       0.101        0.086            0.105           0.054
  1940       0.106        0.084            0.113           0.053
  1941       0.099        0.084            0.089           0.051
  1942       0.060        0.088            0.103           0.049
  1943       0.082        0.080            0.063           0.048
  1944       0.167        0.077            0.044           0.046
  1945      -0.094        0.080            0.058           0.045
  1946       0.006        0.077            0.058           0.045
  1947       0.131        0.085            0.008           0.046
  1948       0.080        0.076           -0.034           0.045
  1949      -0.082        0.075           -0.042           0.045
  1950      -0.304        0.065           -0.073           0.043
  1951      -0.036        0.066           -0.044           0.043
  1952      -0.020        0.078           -0.049           0.043
  1953       0.221        0.079            0.005           0.043
  1954      -0.104        0.068           -0.064           0.040
  1955      -0.037        0.063           -0.046           0.050
  1956      -0.382        0.059           -0.067           0.057
  1957       0.071        0.137           -0.033           0.053
  1958       0.115        0.067           -0.042           0.053
  1959       0.070        0.024            0.063           0.052
  1960      -0.083        0.034            0.067           0.040
  1961       0.143        0.038            0.084           0.042
  1962       0.087        0.083            0.020           0.050
  1963       0.201        0.073            0.011           0.051
  1964      -0.247        0.053           -0.028           0.042
  1965      -0.130        0.033           -0.037           0.028
  1966      -0.054        0.052           -0.107           0.023
  1967       0.044        0.014           -0.072           0.023
  1968      -0.150        0.047           -0.037           0.023
  1969      -0.071        0.035           -0.037           0.021
  1970       0.048        0.027           -0.075           0.020
  1971      -0.053        0.034            0.012           0.017
  1972      -0.149        0.022           -0.011           0.016
  1973       0.287        0.030           -0.004           0.015
  1974      -0.190        0.031           -0.056           0.014
  1975       0.084        0.028            0.015           0.017
  1976      -0.312        0.038           -0.036           0.020
  1977       0.204        0.035            0.019           0.025
  1978       0.035        0.041            0.067           0.032
  1979       0.083        0.037            0.232           0.029
  1980       0.325        0.040            0.189           0.034
  1981       0.515        0.026            0.258           0.019
  1982      -0.012        0.040            0.248           0.013
  1983       0.379        0.043            0.183           0.010
  1984       0.035        0.019            0.117           0.012
  1985      -0.001        0.022            0.189           0.021
  1986       0.183        0.038            0.223           0.021
  1987       0.351        0.029            0.270           0.022
  1988       0.549        0.043            0.388           0.024
  1989       0.270        0.035            0.456           0.026
  1990       0.585        0.024            0.422           0.022
  1991       0.525        0.047            0.354           0.020
  1992       0.180        0.014            0.376           0.018
  1993       0.208        0.026            0.399           0.021
  1994       0.382        0.022            0.371           0.017
  1995       0.699        0.023            0.444           0.021
  1996       0.383        0.024            0.576           0.020
  1997       0.545        0.034            0.625           0.024
  1998       0.868        0.024            0.593           0.023
  1999       0.627        0.038            0.666           0.027
  2000       0.542        0.025            0.738           0.027
  2001       0.747        0.030            0.737           0.031
  2002       0.905        0.042            0.744           0.027
  2003       0.862        0.040            0.843           0.026
  2004       0.663        0.032            0.866           0.026
  2005       1.038        0.022            0.898           0.022
  2006       0.862        0.030            0.879           0.016
  2007       1.066        0.031            0.912           0.020
  2008       0.763        0.029            0.913           0.023
  2009       0.833        0.033            0.911           0.030
  2010       1.039        0.029            0.865           0.030
  2011       0.852        0.045            0.900           0.030
  2012       0.839        0.039            0.914           0.029
  2013       0.938        0.035            0.938           0.028
  2014       0.902        0.026            1.039           0.027
  2015       1.157        0.029              NaN             NaN
  2016       1.357        0.034              NaN             NaN
